Jaccard@108 of cumulative shards 1..n vs full merge

domain        n=1     n=2     n=3     n=4     n=5     n=6     n=7     n=8       tokens
books         0.905   0.929   0.945   0.956   0.967   0.974   0.980   1.000     197,393
chat          0.865   0.894   0.909   0.926   0.944   0.964   0.978   1.000     157,879
code_instruct 0.897   0.926   0.939   0.952   0.956   0.966   0.984   1.000     152,485
code_raw      0.863   0.878   0.927   0.935   0.940   0.948   0.964   1.000     180,557
math          0.961   0.974   0.981   0.985   0.987   0.990   0.994   1.000     202,826
news          0.907   0.936   0.948   0.962   0.970   0.979   0.987   1.000     178,914
reasoning     0.920   0.937   0.954   0.966   0.974   0.979   0.985   1.000     275,133
science       0.867   0.901   0.920   0.932   0.948   0.963   0.980   1.000     214,916
web           0.824   0.870   0.895   0.919   0.937   0.954   0.973   1.000     179,709
wiki          0.843   0.867   0.906   0.923   0.936   0.942   0.963   1.000     191,804
