Per-domain concentration (mean over 75 layers)

domain           Gini  mass@96   dead
books           0.607    0.813    0.0
chat            0.413    0.671    0.0
code_instruct   0.416    0.670    0.0
code_raw        0.531    0.747    0.0
math            0.645    0.832    0.1
news            0.523    0.750    0.0
reasoning       0.527    0.753    0.0
science         0.455    0.699    0.0
web             0.377    0.645    0.0
wiki            0.517    0.747    0.0

Spearman

                  books     chat  code_in  code_ra     math     news  reasoni  science      web     wiki
books             1.000    0.444    0.054   -0.005    0.353    0.625    0.250    0.182    0.473    0.549
chat              0.444    1.000    0.270   -0.057    0.321    0.524    0.154    0.253    0.610    0.356
code_instruct     0.054    0.270    1.000    0.418    0.288    0.014    0.442    0.413    0.083    0.039
code_raw         -0.005   -0.057    0.418    1.000    0.152   -0.072    0.254    0.298   -0.107    0.030
math              0.353    0.321    0.288    0.152    1.000    0.337    0.376    0.221    0.310    0.337
news              0.625    0.524    0.014   -0.072    0.337    1.000    0.196    0.208    0.716    0.704
reasoning         0.250    0.154    0.442    0.254    0.376    0.196    1.000    0.448    0.139    0.226
science           0.182    0.253    0.413    0.298    0.221    0.208    0.448    1.000    0.235    0.290
web               0.473    0.610    0.083   -0.107    0.310    0.716    0.139    0.235    1.000    0.549
wiki              0.549    0.356    0.039    0.030    0.337    0.704    0.226    0.290    0.549    1.000

Jaccard@96

                  books     chat  code_in  code_ra     math     news  reasoni  science      web     wiki
books             1.000    0.578    0.408    0.347    0.537    0.668    0.492    0.442    0.582    0.611
chat              0.578    1.000    0.497    0.316    0.517    0.610    0.441    0.489    0.672    0.521
code_instruct     0.408    0.497    1.000    0.552    0.526    0.382    0.594    0.581    0.421    0.397
code_raw          0.347    0.316    0.552    1.000    0.437    0.309    0.470    0.487    0.290    0.377
math              0.537    0.517    0.526    0.437    1.000    0.521    0.558    0.482    0.512    0.519
news              0.668    0.610    0.382    0.309    0.521    1.000    0.456    0.452    0.714    0.691
reasoning         0.492    0.441    0.594    0.470    0.558    0.456    1.000    0.583    0.437    0.464
science           0.442    0.489    0.581    0.487    0.482    0.452    0.583    1.000    0.473    0.491
web               0.582    0.672    0.421    0.290    0.512    0.714    0.437    0.473    1.000    0.598
wiki              0.611    0.521    0.397    0.377    0.519    0.691    0.464    0.491    0.598    1.000
