Per-domain concentration (mean over 75 layers)

domain           Gini mass@108   dead
books           0.607    0.843    0.0
chat            0.413    0.713    0.0
code_instruct   0.416    0.711    0.0
code_raw        0.531    0.777    0.0
math            0.645    0.859    0.1
news            0.523    0.788    0.0
reasoning       0.527    0.789    0.0
science         0.455    0.737    0.0
web             0.377    0.693    0.0
wiki            0.517    0.785    0.0

Spearman

                  books     chat  code_in  code_ra     math     news  reasoni  science      web     wiki
books             1.000    0.444    0.054   -0.005    0.353    0.625    0.250    0.182    0.473    0.549
chat              0.444    1.000    0.270   -0.057    0.321    0.524    0.154    0.253    0.610    0.356
code_instruct     0.054    0.270    1.000    0.418    0.288    0.014    0.442    0.413    0.083    0.039
code_raw         -0.005   -0.057    0.418    1.000    0.152   -0.072    0.254    0.298   -0.107    0.030
math              0.353    0.321    0.288    0.152    1.000    0.337    0.376    0.221    0.310    0.337
news              0.625    0.524    0.014   -0.072    0.337    1.000    0.196    0.208    0.716    0.704
reasoning         0.250    0.154    0.442    0.254    0.376    0.196    1.000    0.448    0.139    0.226
science           0.182    0.253    0.413    0.298    0.221    0.208    0.448    1.000    0.235    0.290
web               0.473    0.610    0.083   -0.107    0.310    0.716    0.139    0.235    1.000    0.549
wiki              0.549    0.356    0.039    0.030    0.337    0.704    0.226    0.290    0.549    1.000

Jaccard@108

                  books     chat  code_in  code_ra     math     news  reasoni  science      web     wiki
books             1.000    0.613    0.459    0.410    0.579    0.703    0.532    0.496    0.627    0.653
chat              0.613    1.000    0.539    0.379    0.556    0.651    0.486    0.531    0.700    0.565
code_instruct     0.459    0.539    1.000    0.587    0.555    0.439    0.622    0.619    0.467    0.449
code_raw          0.410    0.379    0.587    1.000    0.484    0.376    0.521    0.537    0.356    0.437
math              0.579    0.556    0.555    0.484    1.000    0.567    0.586    0.523    0.554    0.562
news              0.703    0.651    0.439    0.376    0.567    1.000    0.506    0.509    0.747    0.720
reasoning         0.532    0.486    0.622    0.521    0.586    0.506    1.000    0.618    0.483    0.514
science           0.496    0.531    0.619    0.537    0.523    0.509    0.618    1.000    0.521    0.540
web               0.627    0.700    0.467    0.356    0.554    0.747    0.483    0.521    1.000    0.643
wiki              0.653    0.565    0.449    0.437    0.562    0.720    0.514    0.540    0.643    1.000
